1.515151515151514879e-04,1.515151515151514879e-04,1.666666666666666557e-03,1.515151515151514879e-04,1.515151515151514879e-04,7.439393939393938726e-02,6.530303030303029332e-02,1.515151515151514879e-04,1.515151515151514879e-04,7.727272727272724989e-03,3.954545454545454336e-02,6.681818181818180435e-02,1.319696969696969313e-01,1.515151515151514879e-04,1.515151515151514879e-04,1.515151515151514879e-04,1.515151515151514879e-04,3.562121212121211467e-01,4.712121212121211239e-02,2.077272727272726771e-01
1.515560165975103624e-01,1.037344398340249072e-04,1.877593360995850891e-02,3.848547717842323856e-02,1.037344398340249072e-04,6.327800829875517875e-03,1.536307053941908529e-01,1.037344398340249072e-04,1.037344398340249072e-04,3.952282157676348384e-02,3.537344398340248885e-02,3.901452282157676366e-01,2.500000000000000139e-02,1.037344398340249072e-04,1.037344398340249072e-04,3.641078838174274107e-02,9.242738589211617339e-02,1.037344398340249072e-04,5.290456431535269129e-03,6.327800829875517875e-03
1.371665133394664171e-01,9.199632014719411955e-05,9.199632014719411955e-05,5.988960441582336092e-02,9.199632014719411955e-05,1.931922723091076361e-03,1.693652253909843641e-01,1.573137074517019438e-02,9.199632014719411955e-05,1.931922723091076361e-03,4.057037718491260381e-02,2.687212511499540435e-01,4.691812327506899270e-03,1.931922723091076361e-03,9.199632014719411955e-05,4.425022999080036740e-02,4.793008279668813099e-02,4.609015639374425266e-02,7.368905243790248305e-02,8.564857405703771298e-02
2.538071065989847301e-04,2.538071065989847301e-04,2.538071065989847301e-04,2.538071065989847301e-04,2.538071065989847301e-04,6.116751269035532179e-02,6.624365482233501856e-02,2.538071065989847301e-04,2.538071065989847301e-04,2.538071065989847301e-04,8.401015228426395032e-02,1.652284263959390431e-01,9.923857868020304063e-02,2.538071065989847301e-04,3.832487309644669327e-02,2.538071065989847301e-04,2.055837563451776151e-02,2.794416243654821996e-01,1.017766497461928821e-01,8.147208121827410887e-02
8.593750000000000694e-03,7.812500000000000434e-04,7.812500000000000434e-04,7.812500000000000434e-04,7.812500000000000434e-04,7.812500000000000434e-04,1.726562500000000111e-01,7.812500000000000434e-04,7.812500000000000434e-04,7.812500000000000434e-04,7.109374999999999722e-02,1.101562499999999972e-01,7.812500000000000434e-04,7.812500000000000434e-04,7.812500000000000434e-04,7.812500000000000434e-04,7.812500000000000434e-04,4.382812500000000111e-01,1.882812500000000111e-01,7.812500000000000434e-04
1.180131004366812009e-01,1.091703056768558841e-04,1.091703056768558841e-04,1.091703056768558841e-04,1.091703056768558841e-04,2.631004366812226755e-02,1.092794759825327366e-01,1.091703056768558841e-04,1.091703056768558841e-04,1.091703056768558841e-04,1.091703056768558841e-04,4.444323144104803114e-01,5.360262008733623906e-02,1.091703056768558841e-04,1.102620087336244302e-02,3.831877729257641280e-02,9.181222707423579432e-02,1.211790393013100278e-02,1.320960698689956081e-02,8.089519650655020711e-02
7.301790281329922916e-02,1.278772378516624200e-04,1.278772378516624200e-04,1.970588235294117585e-01,1.278772378516624200e-04,1.278772378516624200e-04,1.062659846547314574e-01,5.242966751918157892e-03,7.685421994884911179e-02,1.278772378516624200e-04,6.023017902813299074e-02,1.278772378516624200e-04,3.721227621483376435e-02,5.242966751918157892e-03,6.278772378516624120e-02,1.278772378516624200e-04,1.945012787723785219e-01,1.278772378516624200e-04,5.000000000000000278e-02,1.305626598465473021e-01
7.636273538156590490e-02,3.572844400396432002e-02,9.915758176412288460e-02,6.843409316154608346e-02,4.955401387512388942e-05,4.955401387512388942e-05,4.955401387512388942e-05,7.482656095143706138e-03,1.135282457879088214e-01,4.955401387512388942e-05,2.260158572844400415e-01,9.767096134786917849e-02,1.937561942517343830e-02,5.450941526263628108e-04,7.482656095143706138e-03,4.955401387512388942e-05,6.199207135777997507e-02,4.955401387512388942e-05,2.284440039643211018e-02,1.630822596630327193e-01
1.325968851865266251e-01,3.621876131836291641e-05,9.090909090909092202e-03,1.307497283592901245e-02,3.621876131836291641e-05,1.923578413618254324e-01,7.826874320898224990e-02,3.621876131836291641e-05,2.937341542919232051e-02,5.327779789931184201e-02,4.168779427743570659e-02,3.093444404201376452e-01,2.285403839188699868e-02,2.068091271278522242e-02,3.621876131836291641e-05,3.621876131836291641e-05,1.669684896776530217e-02,3.621876131836291641e-05,1.090184715682723619e-02,6.957624049257515875e-02
1.398328690807799576e-02,5.571030640668524182e-05,5.571030640668524182e-05,6.128133704735376193e-04,2.345403899721448457e-02,2.568245125348189370e-02,5.571030640668524182e-05,1.286908077994429120e-02,5.571030640668524182e-05,1.169916434540390010e-03,5.571030640668524182e-05,2.256824512534819083e-01,2.490807799442897041e-01,5.571030640668524182e-05,5.571030640668524182e-05,5.571030640668524182e-05,5.571030640668524182e-05,3.515320334261838597e-02,2.011142061281337087e-02,3.916991643454039163e-01
4.196286472148540864e-02,1.596816976127321194e-02,5.999999999999999778e-02,4.037135278514588504e-02,2.705570291777187938e-03,2.976127320954907382e-02,5.305039787798408811e-05,1.013262599469496109e-02,2.657824933687002664e-02,5.305039787798408811e-05,8.493368700265251092e-02,1.995225464190981679e-01,7.167108753315649949e-02,5.305039787798408811e-05,5.305039787798408811e-05,5.305039787798408811e-05,1.225464190981432472e-02,1.543766578249337017e-02,2.551724137931034656e-02,3.629177718832891641e-01
5.209235209235209274e-02,4.199134199134199608e-02,1.199134199134199025e-01,6.652236652236652448e-02,1.443001443001443000e-04,1.457431457431457300e-02,1.443001443001443000e-04,1.443001443001443000e-04,5.353535353535354008e-02,1.443001443001443000e-04,1.935064935064934877e-01,7.373737373737374035e-02,6.940836940836940527e-02,1.443001443001443000e-04,1.443001443001443000e-04,1.443001443001443000e-04,2.611832611832612047e-02,1.443001443001443000e-04,4.054834054834054874e-02,2.468975468975468934e-01
8.680555555555555887e-05,8.680555555555555887e-05,7.039930555555555525e-02,1.822916666666666696e-03,8.680555555555555887e-05,4.348958333333333148e-02,8.680555555555555887e-05,1.310763888888888916e-02,8.680555555555555887e-05,1.077256944444444364e-01,8.680555555555555887e-05,2.683159722222222543e-01,1.372395833333333315e-01,2.092013888888889089e-02,2.005208333333333495e-02,8.680555555555555887e-05,2.690972222222222203e-03,1.571180555555555525e-02,6.519097222222221266e-02,2.327256944444444642e-01
9.298327137546467946e-02,4.646840148698885354e-05,2.834572490706319375e-03,1.440520446096654229e-03,2.369888475836431137e-03,1.575743494423791913e-01,4.372676579925650203e-02,4.646840148698885354e-05,4.646840148698885354e-05,1.119888475836431328e-02,1.166356877323420152e-02,4.098977695167286273e-01,5.441449814126393669e-02,2.653345724907063205e-02,1.770446096654275034e-02,2.421003717472118913e-02,2.699814126394052202e-02,2.834572490706319375e-03,3.257434944237917740e-02,8.090148698884758183e-02
1.371652514696277032e-03,6.531678641410843076e-05,8.171129980404963356e-02,6.531678641410843076e-05,1.371652514696277032e-03,2.815153494448073210e-02,1.116917047681254167e-02,3.207054212932723691e-02,4.317439581972566665e-02,3.990855649902024654e-02,6.531678641410843076e-05,1.960156760287393996e-01,1.352710646636185454e-01,8.563030698889614878e-02,6.531678641410843076e-05,6.531678641410843076e-05,6.531678641410843076e-05,1.900718484650555304e-02,2.553886348791639671e-02,2.992161985630307219e-01
7.264397905759161812e-03,6.544502617801047789e-05,8.573298429319371750e-03,4.646596858638742805e-03,6.544502617801047789e-05,2.683246073298429200e-03,4.646596858638742805e-03,1.511780104712042057e-02,6.544502617801047789e-05,9.882198952879580819e-03,6.544502617801047789e-05,3.364528795811518314e-01,1.636780104712041717e-01,1.053664921465968622e-02,6.544502617801047789e-05,6.544502617801047789e-05,6.544502617801047789e-05,1.184554973821989703e-02,3.606020942408377089e-02,3.881544502617801373e-01
9.524245196706312977e-02,6.495882891125342486e-03,1.006404391582799629e-03,9.149130832570906207e-05,2.836230558096980870e-03,2.296431838975297388e-02,7.694419030192131692e-02,9.149130832570906207e-05,9.149130832570906207e-05,8.609332113449222335e-02,1.006404391582799629e-03,4.365050320219579505e-01,2.662397072278133853e-02,2.479414455626715447e-02,2.204940530649588531e-02,9.149130832570906207e-05,9.149130832570906207e-05,9.149130832570906207e-05,3.943275388838060613e-02,1.574565416285452768e-01
1.346352941176470752e-01,4.705882352941176736e-05,1.134117647058823647e-02,2.592941176470588138e-02,3.811764705882352607e-03,1.529882352941176471e-01,3.157647058823528918e-02,1.134117647058823647e-02,4.705882352941176736e-05,3.769411764705882240e-02,4.705882352941176736e-05,4.188705882352941057e-01,3.110588235294117418e-02,5.176470588235294748e-04,4.705882352941176736e-05,4.705882352941176736e-05,7.063529411764706001e-02,1.510588235294117732e-02,4.705882352941176736e-05,5.416470588235294120e-02
2.070967741935483830e-01,6.451612903225806446e-04,6.451612903225806446e-04,6.451612903225806446e-04,6.451612903225806446e-04,1.490322580645161432e-01,6.451612903225806446e-04,6.451612903225806446e-04,6.451612903225806446e-04,6.451612903225806446e-04,1.354838709677419484e-02,8.451612903225806661e-02,1.167741935483871119e-01,6.451612903225806446e-04,6.451612903225806446e-04,6.451612903225806446e-04,6.451612903225806446e-04,3.683870967741935676e-01,6.451612903225806446e-04,5.225806451612902831e-02
7.799121844127332448e-02,1.981339187705817920e-02,2.804610318331503954e-02,1.377607025246981379e-02,3.347969264544456338e-03,5.488474204171240998e-05,5.488474204171240998e-05,5.488474204171240998e-05,5.488474204171240998e-05,2.914379802414928874e-02,1.981339187705817920e-02,3.211306256860592678e-01,5.054884742041711870e-02,3.079034028540066081e-02,6.092206366630076309e-03,5.488474204171240998e-05,3.079034028540066081e-02,2.804610318331503954e-02,5.488474204171240998e-05,3.403402854006586375e-01
1.029860228716645426e-01,2.674714104193138750e-02,5.343074968233799127e-02,4.834815756035577838e-02,6.353240152477763396e-05,6.353240152477763396e-05,6.353240152477763396e-05,6.353240152477763396e-05,1.785260482846251842e-02,6.988564167725540548e-04,1.112452350698856368e-01,2.090851334180432175e-01,6.867852604828461605e-02,5.146124523506987944e-03,3.500635324015247823e-02,6.353240152477763396e-05,2.547649301143583428e-02,5.724269377382464746e-02,3.182973316391359692e-02,2.059085133418043223e-01
1.132119264417068005e-01,1.983574361721120519e-02,3.231565791822888119e-03,1.785395465095518052e-05,8.409212640599890085e-03,2.792537046955899660e-01,1.876450633815389402e-02,3.231565791822888119e-03,1.198000357079092443e-02,2.322799500089268998e-02,2.894126048919834840e-02,2.788966256025708357e-01,4.822353151222994599e-02,2.340653454740224126e-02,8.944831280128545670e-03,5.374040349937509592e-03,3.554722371005176323e-02,8.230673094090338801e-03,1.785395465095518052e-05,8.125334761649703752e-02
2.676056338028168918e-02,4.856726566294317982e-05,2.773190869354055441e-02,1.607576493443419255e-02,4.856726566294317982e-05,1.753278290432248865e-02,5.342399222923750052e-04,1.019912578921806749e-03,4.856726566294317982e-05,5.492957746478872860e-02,4.856726566294317982e-05,3.545896066051481554e-01,7.095677513355998223e-02,2.676056338028168918e-02,4.856726566294317982e-05,4.856726566294317982e-05,3.113161728994657401e-02,1.753278290432248865e-02,5.541525012141815948e-02,2.987372510927635005e-01
2.692101020956474966e-02,1.187533584094572874e-02,5.378828586781300020e-02,4.787748522299838799e-02,5.373455131649650834e-05,5.373455131649650834e-05,5.373455131649650834e-05,1.128425577646426743e-03,2.203116603976356530e-03,5.916174099946264892e-02,6.507254164427726806e-02,2.407845244492208547e-01,5.969908651262761934e-02,4.787748522299838799e-02,1.128425577646426743e-03,3.277807630306286968e-03,5.373455131649650834e-05,4.734013970983341757e-02,1.832348199892530963e-02,3.133261687264911610e-01
4.889844169801183492e-03,5.373455131649652189e-05,4.680279419666846796e-02,3.981730252552392185e-02,5.373455131649652189e-05,9.725953788285871329e-03,5.373455131649652189e-05,1.128425577646426960e-03,2.262224610424503485e-02,2.530897367006986268e-02,7.039226222461044367e-03,3.547017732401935297e-01,1.123589468027942212e-01,4.465341214400860709e-02,1.128425577646426960e-03,5.373455131649652189e-05,4.895217624932832884e-02,5.373455131649652189e-05,2.423428264373993224e-02,2.563675443310048929e-01
5.443658138268918188e-05,5.443658138268918188e-05,7.354382144801308030e-02,5.443658138268918188e-05,9.749591725639632223e-02,1.687534022863364713e-03,1.475231355470876804e-02,1.965160587915079637e-02,1.747414262384322861e-02,5.443658138268918188e-05,5.443658138268918188e-05,2.422972237343495594e-01,5.884594447468700223e-02,1.366902558519325350e-01,5.443658138268918188e-05,5.443658138268918188e-05,5.443658138268918188e-05,5.443658138268918188e-05,5.122482308111051680e-02,2.858464888405009008e-01
5.995203836930457800e-05,5.995203836930457800e-05,1.721223021582734547e-01,2.458033573141487054e-03,1.163669064748201754e-01,1.564748201438849462e-02,5.995203836930457800e-05,6.055155875299761924e-03,2.164268585131895115e-02,2.458033573141487054e-03,4.142685851318945317e-02,1.991007194244605039e-01,5.995203836930457800e-05,1.361510791366906947e-01,5.995203836930457800e-05,1.858513189448441748e-03,1.804556354916067584e-02,6.594724220623503783e-04,4.322541966426859256e-02,2.224820143884892742e-01
5.794080203691914788e-02,4.933163590070017979e-04,1.863462762571609782e-02,1.591343093570973574e-05,2.881922342457032826e-02,3.402450668364098152e-01,1.591343093570973574e-05,1.338319541693188536e-02,1.831635900700190334e-02,3.136537237428388414e-02,1.497453851050285951e-02,2.672024188415021428e-01,6.446530872056013828e-02,3.391152132399744001e-02,5.744748567791214261e-03,1.513367281985995676e-02,1.592934436664544470e-02,1.750477402928070966e-04,1.704328453214512540e-02,5.619032463399107474e-02
1.175088131609870864e-04,1.175088131609870864e-04,1.023501762632197387e-01,6.239717978848413615e-02,1.258519388954171536e-01,2.467685076380728842e-03,4.712103407755581508e-02,1.175088131609870864e-04,3.066980023501762742e-02,1.175088131609870864e-04,1.175088131609870864e-04,7.649823736780257677e-02,1.175088131609870864e-04,1.117508813160986991e-01,1.175088131609870864e-04,1.175088131609870864e-04,1.175088131609870864e-04,9.529964747356051147e-02,8.354876615746180402e-02,2.609870740305522685e-01
4.326036866359447841e-02,6.336405529953919756e-04,5.305299539170507672e-02,3.116359447004609165e-02,3.116359447004609165e-02,6.111751152073734150e-02,5.760368663594472074e-05,5.760368663594472074e-05,5.760368663594472074e-05,5.760368663594472074e-05,1.002880184331797486e-01,1.596198156682028246e-01,8.358294930875577455e-02,2.828341013824885522e-02,5.760368663594472074e-05,1.157834101382488809e-02,5.760368663594472074e-05,1.388824884792627112e-01,3.461981566820277606e-02,2.224078341013825677e-01
4.249037227214377821e-02,1.283697047496790828e-04,1.283697047496790828e-04,1.283697047496790828e-04,1.283697047496790828e-04,2.697047496790757060e-01,1.283697047496790828e-04,2.708600770218228676e-02,1.412066752246469992e-03,1.283697047496790828e-04,1.207958921694479992e-01,2.695763799743260657e-03,1.220795892169447977e-01,1.283697047496790828e-04,1.283697047496790828e-04,1.283697047496790828e-04,1.283697047496790828e-04,2.080872913992297679e-01,9.512195121951218246e-02,1.092426187419768824e-01
1.108600583090379177e-01,1.683673469387755514e-02,1.021137026239067186e-01,2.974489795918368040e-01,1.392128279883382211e-02,5.903790087463558003e-03,4.963556851311953788e-02,7.288629737609330684e-05,1.050291545189504516e-01,7.288629737609330684e-05,1.902332361516035492e-02,1.027696793002915582e-02,7.288629737609330684e-05,7.288629737609330684e-05,8.826530612244898322e-02,7.361516034985423652e-03,7.150145772594752869e-02,7.288629737609330684e-05,5.911078717201166677e-02,4.234693877551021224e-02
4.218989280245023787e-02,7.656967840735070033e-05,1.509188361408882184e-01,3.951761102603369991e-01,7.656967840735070033e-05,7.656967840735070033e-05,3.989280245022971960e-02,8.422664624808577985e-04,9.578866768759572436e-02,7.656967840735070033e-05,6.362940275650842692e-02,4.601837672281777064e-02,2.075038284839204189e-02,7.656967840735070033e-05,4.448698315467075615e-02,7.656967840735070033e-05,4.831546707503829585e-02,7.656967840735070033e-05,5.436447166921899547e-03,4.601837672281777064e-02
1.827731092436975235e-02,7.002801120448180143e-05,1.072128851540616323e-01,3.866246498599440473e-01,2.317927170868347778e-02,1.407563025210084411e-02,4.278711484593838293e-02,7.002801120448180143e-05,2.024509803921569207e-01,7.002801120448180143e-05,2.457983193277311559e-02,7.002801120448180143e-05,7.002801120448180143e-05,7.002801120448180143e-05,4.348739495798319837e-02,7.002801120448180143e-05,5.399159663865546466e-02,7.002801120448180143e-05,6.239495798319328462e-02,2.037815126050420561e-02
4.108796296296296155e-03,5.787037037037037258e-05,4.172453703703703221e-02,5.787037037037037258e-05,5.040509259259259162e-02,2.783564814814814756e-02,5.787037037037037258e-05,1.278935185185185210e-02,3.530092592592592483e-03,2.204861111111111258e-02,2.957175925925925944e-02,9.091435185185184342e-02,1.933449074074074236e-01,5.787037037037037258e-05,5.787037037037037258e-05,2.089120370370370350e-02,6.365740740740741255e-04,8.859953703703703221e-02,6.892361111111110217e-02,3.443865740740740811e-01
8.933951332560834124e-02,1.865585168018540213e-02,1.158748551564310554e-04,6.500579374275781974e-02,3.719582850521437056e-02,4.183082271147161441e-02,3.603707995365006134e-02,1.158748551564310554e-04,1.274623406720741623e-03,2.444959443800695520e-02,9.513325608342988737e-02,1.749710312862108944e-02,2.792584009269988635e-02,1.158748551564310554e-04,2.097334878331402405e-02,1.158748551564310554e-04,1.158748551564310554e-04,2.573580533024333872e-01,8.122827346465816278e-02,1.855156431054461041e-01
5.689922480620154821e-02,4.186046511627906398e-03,8.894056847545218913e-02,5.167958656330749870e-05,5.167958656330749870e-05,2.175710594315245425e-02,5.167958656330749870e-05,6.770025839793281618e-03,5.167958656330749870e-05,6.155038759689922256e-02,5.121447028423772169e-02,2.791214470284237859e-01,4.397932816537467732e-02,5.328165374677002603e-02,5.167958656330749870e-05,1.602067183462532263e-03,5.121447028423772169e-02,2.899224806201550556e-02,2.589147286821705599e-02,2.243410852713178527e-01
2.305049811061490872e-02,3.435245620061834390e-05,3.369975953280659325e-02,8.488491927172792106e-02,2.476812092064582457e-02,9.106836138783923340e-02,3.713500515286842496e-02,3.435245620061834390e-05,3.435245620061834390e-05,1.064926142219168627e-03,1.360700790106492697e-01,5.843352799725180097e-02,6.908278941944348550e-02,1.205771212641703997e-02,3.435245620061834390e-05,3.435245620061834390e-05,3.435245620061834390e-05,1.625214702851253967e-01,7.938852627962898756e-02,1.865681896255582395e-01
2.753108348134991092e-03,3.117229129662522219e-02,6.669626998223800174e-02,8.880994671403198031e-05,5.692717584369448580e-02,3.641207815275310407e-03,8.880994671403198031e-05,8.880994671403198031e-05,3.206039076376554497e-02,2.274422735346358915e-01,1.155417406749555953e-01,9.245115452930727229e-02,8.880994671403198031e-05,1.190941385435168726e-01,9.857904085257548216e-03,8.880994671403198031e-05,8.880994671403198031e-05,2.406749555950266420e-02,8.090586145648312466e-02,1.368561278863232589e-01
4.773269689737470414e-05,4.773269689737470414e-05,1.293556085918854542e-02,4.773269689737470414e-05,5.250596658711217252e-04,2.486873508353221879e-02,4.773269689737470414e-05,2.343675417661097993e-02,4.968973747016706272e-02,2.725536992840095485e-02,4.343675417661097514e-03,1.461097852028639676e-01,2.196181384248210022e-01,2.868735083532219718e-02,4.773269689737470414e-05,3.059665871121718117e-02,3.389021479713603784e-03,5.298329355608592112e-03,4.825775656324582386e-02,3.747494033412888115e-01
5.500550055005501069e-05,2.805280528052804881e-03,1.050605060506050632e-02,4.295929592959295273e-02,7.871287128712871339e-02,8.696369636963696692e-02,4.020902090209020618e-02,6.655665566556655602e-03,5.500550055005501069e-05,5.500550055005501069e-05,2.332783278327832943e-01,4.405940594059405691e-02,5.500550055005501069e-05,5.500550055005501069e-05,6.105610561056105251e-03,5.500550055005501069e-05,5.500550055005501069e-05,1.964246424642464295e-01,1.254675467546754741e-01,1.254675467546754741e-01
4.951253481894150182e-02,6.963788300835654888e-05,6.963788300835654888e-05,9.895543175487464538e-02,3.906685236768802499e-02,1.678272980501393022e-02,9.338440111420612255e-02,6.963788300835654888e-05,6.963788300835654888e-05,6.963788300835654888e-05,2.444289693593314911e-02,2.138579387186629599e-01,7.388579387186629266e-02,1.538997214484679778e-02,2.855153203342617949e-03,5.229805013927576324e-02,6.963788300835654888e-05,4.115598885793871758e-02,6.761838440111420101e-02,2.103760445682451297e-01
1.152073732718893873e-04,1.152073732718893873e-04,9.573732718894006899e-02,2.419354838709677092e-03,1.533410138248847698e-01,3.122119815668202361e-02,1.152073732718893873e-04,1.739631336405529638e-02,3.571428571428570883e-03,1.152073732718893873e-04,3.571428571428570883e-03,4.504608294930875084e-02,1.152073732718893873e-04,3.215437788018433163e-01,1.152073732718893873e-04,1.152073732718893873e-04,1.152073732718893873e-04,4.504608294930875084e-02,9.228110599078338805e-02,1.879032258064515792e-01
8.389261744966441145e-05,8.389261744966441145e-05,4.765939597315435594e-01,8.389261744966441145e-05,5.041946308724831044e-02,3.447986577181207796e-02,8.389261744966441145e-05,2.105704697986576779e-02,8.389261744966441145e-05,2.944630872483220904e-02,8.389261744966441145e-05,6.216442953020132750e-02,2.525167785234899015e-02,3.783557046979865029e-02,8.389261744966441145e-05,8.389261744966441145e-05,8.389261744966441145e-05,1.686241610738254890e-02,5.041946308724831044e-02,1.947147651006710944e-01
4.870920603994155490e-05,3.170969313200194817e-02,2.781295664880662627e-02,7.165124208475401324e-02,9.405747686312712630e-02,3.219678519240136427e-02,4.145153433999025638e-02,2.099366780321480774e-02,5.406721870433511476e-03,3.945445689235264897e-03,1.018509498295177701e-01,1.320019483682416048e-02,3.414515343399902175e-02,4.870920603994155490e-05,5.893813930832927581e-03,5.358012664393570429e-04,4.870920603994155490e-05,2.723331709693131986e-01,1.003896736483195357e-01,1.422795908426692790e-01
1.090629800307219531e-02,1.536098310291858678e-04,1.536098310291858678e-04,4.009216589861751279e-02,1.536098310291858678e-04,9.846390168970813039e-02,1.536098310291858678e-04,3.225806451612903223e-03,1.536098310291858678e-04,1.536098310291858678e-04,1.536098310291858678e-04,1.752688172043010695e-01,3.211981566820276135e-01,1.536098310291858678e-04,1.536098310291858678e-04,7.834101382488477955e-03,1.536098310291858678e-04,1.090629800307219531e-02,4.162826420890937407e-02,2.889400921658986099e-01
6.819364914107237455e-03,5.726184279021345139e-04,1.494534096824571001e-01,5.205622071837585874e-05,8.854763144195733349e-02,1.254554919312858216e-02,3.695991671004685876e-03,5.205622071837585874e-05,1.462779802186361770e-02,4.898490369599167726e-02,5.205622071837585874e-05,1.000000000000000194e-01,8.901613742842272997e-03,2.540864133263925906e-01,5.205622071837585874e-05,1.613742842269651635e-03,1.254554919312858216e-02,3.805309734513274977e-02,7.813638729828216445e-02,1.812077043206663796e-01
1.080280251058239466e-01,1.459640928331630119e-05,4.307400379506640814e-02,1.605605021164793029e-04,1.605605021164793029e-04,3.342723689972265655e-01,2.395270763392204696e-02,6.728944679608814261e-03,4.146839877390161300e-02,3.241862501824550186e-02,5.767041307838270681e-02,1.789665742227411482e-01,3.957086556707049146e-02,8.480513793606770864e-03,9.502262443438911493e-03,1.459640928331630119e-05,1.285943657860165977e-02,2.774777404758428656e-02,1.459640928331630119e-05,7.489417603269593604e-02
2.949438202247191190e-03,1.404494382022472034e-04,1.404494382022472034e-04,1.404494382022472034e-04,2.949438202247191190e-03,4.789325842696629670e-02,5.632022471910112793e-02,1.771067415730336880e-01,9.971910112359549244e-03,1.404494382022472034e-04,1.082865168539325768e-01,2.963483146067415891e-02,1.757022471910112404e-01,1.404494382022472034e-04,1.404494382022472034e-04,1.279494382022471899e-01,1.404494382022472034e-04,4.648876404494382136e-02,6.896067415730337824e-02,1.448033707865168385e-01
9.411098527746318554e-02,1.132502831257078165e-04,6.908267270668176294e-03,1.245753114382786063e-03,1.710079275198187962e-02,1.823329558323896066e-02,1.132502831257078165e-04,1.132502831257078165e-04,1.132502831257078165e-04,2.130237825594563927e-01,6.013590033975085153e-02,3.625141562853907429e-01,9.173272933182333166e-03,1.823329558323896066e-02,1.132502831257078165e-04,6.908267270668176294e-03,1.245753114382786063e-03,1.132502831257078165e-04,8.958097395243487526e-02,1.009060022650056510e-01
3.504950495049505288e-02,1.128712871287129021e-02,4.825082508250825436e-02,2.469306930693069835e-01,7.260726072607262115e-04,6.600660066006601553e-05,3.452805280528053467e-01,6.600660066006601553e-05,4.561056105610561406e-02,6.600660066006601553e-05,4.561056105610561406e-02,7.986798679867988110e-03,6.600660066006601553e-05,6.600660066006601553e-05,6.871287128712871839e-02,6.600660066006601553e-05,3.834983498349835845e-02,6.600660066006601553e-05,3.108910891089109590e-02,7.465346534653466426e-02
1.512868801004394262e-02,6.277463904582548568e-05,6.277463904582548568e-05,6.277463904582548568e-05,6.277463904582548568e-05,6.277463904582548568e-05,5.153797865662271965e-02,6.534839924670432509e-02,6.277463904582548568e-05,1.826741996233521848e-02,9.478970495919648853e-03,8.292529817953546434e-02,2.561833019460137972e-01,3.829252981795354654e-03,6.277463904582548568e-05,1.261770244821092297e-02,2.077840552416823638e-02,4.839924670433144727e-02,5.467671060891399204e-02,3.603892027620841376e-01
1.123595505617977627e-03,5.730337078651685095e-02,1.123595505617977627e-03,7.977528089887639395e-02,3.483146067415730102e-02,1.123595505617977627e-03,1.123595505617977627e-03,1.123595505617977627e-03,1.123595505617977627e-03,1.123595505617977627e-03,2.359550561797752952e-02,9.101123595505616892e-02,1.123595505617977627e-03,1.921348314606741714e-01,1.123595505617977627e-03,1.123595505617977627e-03,1.123595505617977627e-03,1.134831460674157327e-01,3.044943820224719211e-01,9.101123595505616892e-02
1.129222864482979927e-01,1.284521515735388453e-05,6.436737315350031519e-02,1.284521515735388453e-05,1.684007707129094034e-02,2.818368657675015543e-01,1.876685934489402338e-02,1.696852922286447990e-02,3.456647398843930297e-02,5.190751445086704691e-02,4.908156711624919732e-02,1.890944123314065306e-01,3.469492614001284253e-02,4.432883750802825429e-02,1.284521515735388453e-05,7.206165703275529445e-03,2.724470134874758601e-02,7.206165703275529445e-03,1.284521515735388453e-05,4.291586384071933297e-02
3.368522072936660366e-02,9.596928982725528299e-05,9.596928982725528299e-05,4.040307101727447225e-02,1.065259117082533596e-02,2.975047984644913542e-03,1.181381957773512403e-01,4.712092130518234084e-02,9.596928982725528299e-05,5.287907869481765777e-02,9.596928982725528299e-05,2.025911708253358978e-01,1.114203454894433787e-01,4.616122840690978918e-02,9.596928982725528299e-05,7.015355086372360160e-02,9.596928982725528299e-05,9.596928982725528299e-05,1.104606525911708131e-01,1.526871401151631558e-01
7.446016381236040692e-05,6.031273268801192432e-03,4.758749069247953378e-01,2.017870439314966777e-02,4.400595681310499885e-02,1.049888309754281636e-02,8.190618019359645167e-04,7.446016381236040692e-05,4.772896500372301315e-02,8.198064035740879052e-02,5.145197319434103439e-02,7.446016381236040692e-05,9.009679821295607516e-03,4.102755026061058463e-02,6.775874906924795986e-03,3.797468354430380034e-03,7.446016381236040692e-05,1.571109456440804644e-02,3.581533879374535628e-02,1.489947877885331451e-01
7.989949748743718771e-02,1.022333891680625301e-01,1.792853154662200077e-01,9.832495812395310175e-02,3.964265773310999240e-03,5.583472920156337731e-05,1.736460078168620969e-02,3.405918481295365507e-03,3.411501954215521992e-02,7.314349525404801634e-03,2.144611948632049181e-01,5.583472920156337731e-05,1.624790619765494049e-02,3.964265773310999240e-03,2.573981016192071480e-02,1.172529313232830795e-03,5.583472920156337731e-05,1.624790619765494049e-02,4.193188163037409044e-02,1.541596873255164923e-01
1.209850704618389561e-01,1.395283940281847105e-05,5.638342402678944015e-02,1.395283940281847105e-05,1.759453048695408875e-02,3.096274591879446536e-01,6.432258964699314949e-03,1.954792800334867464e-02,2.108274033765870567e-02,4.675596483884469912e-02,1.954792800334867464e-02,1.816799218640992863e-01,8.664713269150270750e-03,8.094042137574994356e-02,1.688293567741034739e-03,8.525184875122085795e-03,1.912934282126412325e-02,6.432258964699314949e-03,4.619785126273195930e-02,2.875680200920886428e-02
1.222222222222222460e-01,7.959022852639874995e-03,1.426319936958235154e-02,1.096138691883372929e-01,1.032308904649330283e-02,4.814814814814815519e-02,2.884948778565800676e-01,7.880220646178094873e-05,1.654846335697399964e-03,7.880220646178094873e-05,7.494089834515367532e-02,5.839243498817967698e-02,7.880220646178094873e-05,7.880220646178094873e-05,9.535066981875494133e-03,7.880220646178094873e-05,8.668242710795905038e-04,1.616233254531126984e-01,4.972419227738377606e-02,4.184397163120568558e-02
1.321585903083700823e-03,2.077407174323474548e-01,6.677155443675268642e-02,2.208936438011328482e-02,8.376337319068598297e-02,8.873505349276276585e-03,1.215229704216488626e-01,6.293266205160480886e-05,6.922592825676528432e-04,6.293266205160480886e-05,1.529893014474512647e-01,7.117684078036502771e-02,2.775330396475771816e-02,6.293266205160480886e-05,3.656387665198238685e-02,6.922592825676528432e-04,8.244178728760228822e-03,1.321585903083700823e-03,5.796098174952801774e-02,1.303335431088735452e-01
1.064871481028152080e-02,4.079967360261118996e-05,1.799265605875153412e-02,1.676866585067319712e-02,4.079967360261118996e-05,1.554467564259486186e-02,4.079967360261118996e-05,4.900040799673602981e-02,1.146470828233374373e-02,4.736842105263158742e-02,4.614443084455324695e-02,8.612811097511220704e-02,2.370869033047736107e-01,1.264789881680946889e-03,7.792737658098737065e-03,4.079967360261118996e-05,4.079967360261118996e-05,7.552019583843330719e-02,6.654426764585884280e-02,3.105263157894737613e-01
4.681818181818182822e-02,6.493506493506496211e-05,1.624025974025974373e-01,9.876623376623379358e-02,3.058441558441559599e-02,2.928571428571429686e-02,6.493506493506496211e-05,6.493506493506496211e-05,6.493506493506496211e-05,1.390259740259740529e-01,2.863636363636364729e-02,5.525974025974027259e-02,6.493506493506496211e-05,1.377272727272727537e-01,6.493506493506496211e-05,6.493506493506496211e-05,2.662337662337662877e-03,6.240259740259741783e-02,8.318181818181820397e-02,1.227922077922078276e-01
3.761726078799249723e-02,1.791744840525328480e-02,8.545966228893057959e-02,2.308630393996247698e-01,2.260787992495309762e-02,9.380863039399624757e-05,7.045028142589117304e-02,9.380863039399624757e-05,4.512195121951219356e-02,9.380863039399624757e-05,1.031894934333958723e-03,9.380863039399624757e-05,1.031894934333958723e-03,9.380863039399624757e-05,2.571294559099437382e-01,9.380863039399624757e-05,9.380863039399624757e-05,9.380863039399624757e-05,6.857410881801125069e-02,1.614446529080675319e-01
1.883239171374764570e-04,1.883239171374764570e-04,1.883239171374764570e-04,1.883239171374764570e-04,2.071563088512241163e-03,3.032015065913371346e-02,1.883239171374764570e-04,1.979284369114877595e-01,1.883239171374764570e-04,1.883239171374764570e-04,1.037664783427495324e-01,1.883239171374764570e-04,1.527306967984934094e-01,5.838041431261770629e-03,2.467043314500941623e-02,1.244821092278719232e-01,1.883239171374764570e-04,1.056497175141243028e-01,1.150659133709981130e-01,1.357815442561205177e-01
1.921797004991680768e-02,8.319467554076539302e-05,5.083194675540765595e-02,1.165557404326123120e-01,7.570715474209650277e-03,8.319467554076539302e-05,8.319467554076539302e-05,8.319467554076539302e-05,1.422628951747088345e-02,1.714642262895174629e-01,3.752079866888519133e-02,1.090682196339434196e-01,1.040765391014975005e-01,6.830282861896838642e-02,8.319467554076539302e-05,8.319467554076539302e-05,9.151414309484193774e-04,1.505823627287853662e-02,9.742096505823626129e-02,1.872712146422629009e-01
8.842482100238663323e-02,6.694510739856801562e-02,8.007159904534605355e-02,3.724343675417661204e-01,1.193317422434367570e-04,1.312649164677804313e-03,1.193317422434367570e-04,1.193317422434367570e-04,2.159904534606205476e-02,1.193317422434367570e-04,3.353221957040573159e-02,1.193317422434367570e-04,1.193317422434367570e-04,6.575178997613365106e-02,7.887828162291168899e-02,1.193317422434367570e-04,2.875894988066825947e-02,3.472553699284009615e-02,5.501193317422434226e-02,7.171837708830548774e-02
1.881274900398406669e-01,2.796812749003984785e-02,2.557768924302789362e-02,8.454183266932271956e-02,4.470119521912351707e-02,7.968127490039842288e-05,7.968127490039842288e-05,2.796812749003984785e-02,1.840637450199203787e-02,5.665338645418327435e-02,2.510756972111554686e-01,4.788844621513944910e-02,8.764940239043827195e-04,7.968127490039842288e-05,7.968127490039842288e-05,5.027888446215140333e-02,7.968127490039842288e-05,7.968127490039842288e-05,6.063745019920319113e-02,1.148207171314741259e-01
7.258738601823705450e-02,8.757598784194525407e-03,2.319528875379938196e-02,2.089665653495440261e-04,1.899696048632218295e-05,2.940919452887536534e-01,1.899696048632218295e-05,7.807750759878416720e-03,1.084726443768996643e-02,6.764817629179328828e-02,1.654635258358662028e-02,2.106952887537993091e-01,9.177431610942246576e-02,3.744300911854101660e-02,1.899696048632218295e-05,1.559650455927051073e-02,1.899696048632218295e-05,1.899696048632218295e-05,5.017097264437688636e-02,9.253419452887534646e-02
8.158953722334003067e-02,2.112676056338028390e-03,9.768611670020120596e-02,5.945674044265593372e-02,5.342052313883299819e-02,7.152917505030180478e-02,1.006036217303823049e-04,1.006036217303823049e-04,1.519114688128772594e-02,1.006036217303823049e-04,1.379275653923541234e-01,8.058350100603621502e-02,2.112676056338028390e-03,1.006036217303823049e-04,1.006036217303823049e-04,1.006036217303823049e-04,1.006036217303823049e-04,1.469818913480885336e-01,6.549295774647886925e-02,1.852112676056338059e-01
1.913385826771653586e-01,1.124859392575928090e-04,1.124859392575928090e-04,6.760404949381328132e-02,1.124859392575928090e-04,4.398200224971878652e-02,5.410573678290214045e-02,6.861642294713160388e-03,1.124859392575928090e-04,6.760404949381328132e-02,1.182227221597300232e-01,2.823397075365579462e-02,3.835770528683914854e-02,1.124859392575928090e-04,1.124859392575928090e-04,1.124859392575928090e-04,1.124859392575928090e-04,2.160854893138357546e-01,7.435320584926884135e-02,9.235095613048367735e-02
1.858162690212285806e-01,1.878639864737929044e-05,4.059740747698664665e-02,1.878639864737929044e-05,2.143528085665976843e-02,2.930866052977643132e-01,1.504790531655081018e-02,1.521698290437722414e-03,3.327071200450872068e-02,4.754837497651698275e-02,3.759158369340596245e-02,1.427954161187300064e-01,1.786586511365770291e-02,4.322750328761974792e-02,4.715386060492202623e-03,7.533345857599096224e-03,1.878639864737929044e-05,1.617508923539356935e-02,3.834303963930113524e-02,5.337215855720457008e-02
6.384164222873899286e-01,9.775171065493644775e-05,9.775171065493644775e-05,2.052785923753665254e-03,9.775171065493644775e-05,4.408602150537633407e-02,6.070381231671553163e-02,9.775171065493644775e-05,9.775171065493644775e-05,9.775171065493644775e-05,6.070381231671553163e-02,9.775171065493644775e-05,3.528836754643205342e-02,9.775171065493644775e-05,9.775171065493644775e-05,3.333333333333332593e-02,9.775171065493644775e-05,3.431085043988268968e-02,7.047898338220916215e-02,1.964809384164222655e-02
8.989710009354535958e-02,6.089803554724040890e-02,2.160898035547240484e-02,1.170252572497661320e-01,9.354536950420955092e-05,1.880261927034612007e-02,2.722170252572497784e-02,4.873713751169317376e-02,5.715622076707203153e-02,9.354536950420955092e-05,3.751169317118802776e-02,5.154349859681946200e-02,7.773620205799812444e-02,1.188961646398503241e-01,3.189897100093545823e-02,3.002806361085126260e-02,6.838166510757716365e-02,1.028999064546304992e-03,6.463985032740879322e-02,7.680074836295602836e-02
4.275979557069846393e-02,1.703577512776830989e-04,1.703577512776830989e-04,1.720613287904599123e-02,1.703577512776830989e-04,1.703577512776830989e-04,2.028960817717205545e-01,1.703577512776830989e-04,1.039182282793866922e-02,1.703577512776830989e-04,7.512776831345825690e-02,3.764906303236796592e-02,4.105621805792163126e-02,5.281090289608176419e-03,1.703577512776830989e-04,2.231686541737648577e-02,6.984667802385006487e-03,2.710391822827937780e-01,9.557069846678022118e-02,1.705281090289607615e-01
1.813720495839700464e-01,1.698081168279843436e-05,1.546951944302937115e-02,1.122431652232976258e-02,1.698081168279843436e-05,3.325012735608761094e-01,5.350653761249786478e-02,1.631856002716929391e-02,1.479028697571743364e-02,3.092205807437594517e-02,1.207335710646968534e-02,1.564102564102563542e-01,2.667685515367633486e-02,1.275258957378162111e-02,6.299881134318219104e-03,1.682798437765324617e-02,7.997962302598062012e-03,1.173374087281371658e-02,3.329937170996772472e-02,5.978943793513328414e-02
3.681081081081081369e-02,1.410810810810811042e-02,4.654054054054054118e-02,2.281621621621622020e-01,5.405405405405406708e-05,1.302702702702702997e-02,1.411351351351351757e-01,2.600000000000000228e-02,5.518918918918919170e-02,5.945945945945947447e-04,2.221621621621621898e-02,5.405405405405406708e-05,2.545945945945946379e-02,7.194594594594595771e-02,1.330270270270270394e-01,5.405405405405406708e-05,2.221621621621621898e-02,3.297297297297297706e-03,6.167567567567568132e-02,9.843243243243243734e-02
1.321003963011888993e-04,4.504623513870541912e-02,8.335535006605020170e-02,2.655217965653897116e-02,6.737120211360633944e-03,1.321003963011888993e-04,1.321003963011888993e-04,1.321003963011888993e-04,1.321003963011888993e-04,1.428005284015851917e-01,1.453104359313077973e-03,9.379128137384411604e-03,1.282694848084544315e-01,1.216644649933949773e-01,1.321003963011888993e-04,1.321003963011888993e-04,1.321003963011888993e-04,1.321003963011888993e-04,9.788639365918097579e-02,3.356671070013210190e-01
6.719760479041914092e-01,1.197604790419161392e-04,6.107784431137722528e-03,1.197604790419161392e-04,1.197604790419161392e-04,1.209580838323352954e-02,5.520958083832334246e-02,1.197604790419161392e-04,1.197604790419161392e-04,1.197604790419161392e-04,3.245508982035927303e-02,1.197604790419161392e-04,2.407185628742514530e-02,1.197604790419161392e-04,6.107784431137722528e-03,3.125748502994011441e-02,1.317365269461077612e-03,4.802395209580836988e-02,5.760479041916165971e-02,5.281437125748501826e-02
1.361192776144477257e-01,4.199916001679966513e-05,1.314993700125997589e-01,5.926081478370432559e-02,8.441831163376732616e-03,4.540109197816043218e-02,4.619907601847963638e-04,1.894162116757664924e-02,2.146157076858462923e-02,1.550188996220075721e-01,1.222175556488870260e-02,2.020579588408231986e-01,4.199916001679966513e-05,2.524149517009659921e-02,4.199916001679966513e-05,3.070138597228055238e-02,4.199916001679966513e-05,2.398152036959260922e-02,3.112137757244854905e-02,9.790004199916001182e-02
1.497570456754130086e-01,9.718172983479106224e-05,9.815354713313895890e-03,9.815354713313895890e-03,9.718172983479106224e-05,3.119533527696793235e-02,6.812439261418852532e-02,9.718172983479106224e-05,9.718172983479106224e-05,2.100097181729834728e-01,9.718172983479106224e-05,1.789115646258503389e-01,4.577259475218659057e-02,3.012633624878522862e-03,7.871720116618075025e-03,3.411078717201166538e-02,9.718172983479106224e-05,9.718172983479106224e-05,6.423712342079689053e-02,1.866861030126336085e-01
